[000] 1102
[001] 34463338
[002] 34463338
[003] 63
[004] 1007
[005] 63
[006] 34463338
[007] 63
[008] 1005
[009] 63
[010] 53
[011] 1102
[012] 3
[013] 1
[014] 1000
[015] 109
[016] 988
[017] 209
[018] 12
[019] 9
[020] 1000
[021] 209
[022] 6
[023] 209
[024] 3
[025] 203
[026] 0
[027] 1008
[028] 1000
[029] 1
[030] 63
[031] 1005
[032] 63
[033] 65
[034] 1008
[035] 1000
[036] 2
[037] 63
[038] 1005
[039] 63
[040] 904
[041] 1008
[042] 1000
[043] 0
[044] 63
[045] 1005
[046] 63
[047] 58
[048] 4
[049] 25
[050] 104
[051] 0
[052] 99
[053] 4
[054] 0
[055] 104
[056] 0
[057] 99
[058] 4
[059] 17
[060] 104
[061] 0
[062] 99
[063] 0
[064] 0
[065] 1101
[066] 0
[067] 31
[068] 1019
[069] 1101
[070] 25
[071] 0
[072] 1008
[073] 1102
[074] 35
[075] 1
[076] 1009
[077] 1102
[078] 422
[079] 1
[080] 1029
[081] 1102
[082] 1
[083] 21
[084] 1005
[085] 1102
[086] 1
[087] 734
[088] 1027
[089] 1102
[090] 29
[091] 1
[092] 1000
[093] 1101
[094] 32
[095] 0
[096] 1018
[097] 1102
[098] 28
[099] 1
[100] 1016
[101] 1101
[102] 0
[103] 38
[104] 1015
[105] 1101
[106] 0
[107] 378
[108] 1023
[109] 1101
[110] 30
[111] 0
[112] 1017
[113] 1102
[114] 1
[115] 381
[116] 1022
[117] 1101
[118] 0
[119] 37
[120] 1006
[121] 1102
[122] 1
[123] 1
[124] 1021
[125] 1101
[126] 0
[127] 24
[128] 1011
[129] 1102
[130] 1
[131] 23
[132] 1002
[133] 1101
[134] 0
[135] 0
[136] 1020
[137] 1101
[138] 0
[139] 20
[140] 1007
[141] 1101
[142] 427
[143] 0
[144] 1028
[145] 1101
[146] 26
[147] 0
[148] 1014
[149] 1101
[150] 27
[151] 0
[152] 1010
[153] 1101
[154] 0
[155] 39
[156] 1001
[157] 1101
[158] 34
[159] 0
[160] 1012
[161] 1102
[162] 1
[163] 36
[164] 1013
[165] 1101
[166] 0
[167] 33
[168] 1003
[169] 1101
[170] 804
[171] 0
[172] 1025
[173] 1101
[174] 737
[175] 0
[176] 1026
[177] 1102
[178] 1
[179] 809
[180] 1024
[181] 1102
[182] 1
[183] 22
[184] 1004
[185] 109
[186] 9
[187] 1201
[188] -7
[189] 0
[190] 63
[191] 1008
[192] 63
[193] 20
[194] 63
[195] 1005
[196] 63
[197] 205
[198] 1001
[199] 64
[200] 1
[201] 64
[202] 1106
[203] 0
[204] 207
[205] 4
[206] 187
[207] 1002
[208] 64
[209] 2
[210] 64
[211] 109
[212] 2
[213] 21102
[214] 40
[215] 1
[216] 1
[217] 1008
[218] 1012
[219] 40
[220] 63
[221] 1005
[222] 63
[223] 233
[224] 4
[225] 213
[226] 1001
[227] 64
[228] 1
[229] 64
[230] 1106
[231] 0
[232] 233
[233] 1002
[234] 64
[235] 2
[236] 64
[237] 109
[238] 4
[239] 1208
[240] -7
[241] 25
[242] 63
[243] 1005
[244] 63
[245] 255
[246] 4
[247] 239
[248] 1001
[249] 64
[250] 1
[251] 64
[252] 1106
[253] 0
[254] 255
[255] 1002
[256] 64
[257] 2
[258] 64
[259] 109
[260] -24
[261] 1207
[262] 10
[263] 38
[264] 63
[265] 1005
[266] 63
[267] 271
[268] 1105
[269] 1
[270] 277
[271] 4
[272] 261
[273] 1001
[274] 64
[275] 1
[276] 64
[277] 1002
[278] 64
[279] 2
[280] 64
[281] 109
[282] 25
[283] 21107
[284] 41
[285] 40
[286] -3
[287] 1005
[288] 1013
[289] 293
[290] 1105
[291] 1
[292] 299
[293] 4
[294] 283
[295] 1001
[296] 64
[297] 1
[298] 64
[299] 1002
[300] 64
[301] 2
[302] 64
[303] 109
[304] 5
[305] 1205
[306] -1
[307] 311
[308] 1106
[309] 0
[310] 317
[311] 4
[312] 305
[313] 1001
[314] 64
[315] 1
[316] 64
[317] 1002
[318] 64
[319] 2
[320] 64
[321] 109
[322] -23
[323] 1202
[324] 6
[325] 1
[326] 63
[327] 1008
[328] 63
[329] 22
[330] 63
[331] 1005
[332] 63
[333] 339
[334] 4
[335] 323
[336] 1105
[337] 1
[338] 343
[339] 1001
[340] 64
[341] 1
[342] 64
[343] 1002
[344] 64
[345] 2
[346] 64
[347] 109
[348] 1
[349] 2101
[350] 0
[351] 2
[352] 63
[353] 1008
[354] 63
[355] 37
[356] 63
[357] 1005
[358] 63
[359] 367
[360] 1001
[361] 64
[362] 1
[363] 64
[364] 1106
[365] 0
[366] 369
[367] 4
[368] 349
[369] 1002
[370] 64
[371] 2
[372] 64
[373] 109
[374] 29
[375] 2105
[376] 1
[377] -5
[378] 1106
[379] 0
[380] 387
[381] 4
[382] 375
[383] 1001
[384] 64
[385] 1
[386] 64
[387] 1002
[388] 64
[389] 2
[390] 64
[391] 109
[392] -26
[393] 2101
[394] 0
[395] 0
[396] 63
[397] 1008
[398] 63
[399] 23
[400] 63
[401] 1005
[402] 63
[403] 409
[404] 4
[405] 393
[406] 1106
[407] 0
[408] 413
[409] 1001
[410] 64
[411] 1
[412] 64
[413] 1002
[414] 64
[415] 2
[416] 64
[417] 109
[418] 26
[419] 2106
[420] 0
[421] 0
[422] 4
[423] 419
[424] 1106
[425] 0
[426] 431
[427] 1001
[428] 64
[429] 1
[430] 64
[431] 1002
[432] 64
[433] 2
[434] 64
[435] 109
[436] -17
[437] 21108
[438] 42
[439] 42
[440] 6
[441] 1005
[442] 1017
[443] 453
[444] 4
[445] 437
[446] 1001
[447] 64
[448] 1
[449] 64
[450] 1106
[451] 0
[452] 453
[453] 1002
[454] 64
[455] 2
[456] 64
[457] 109
[458] 7
[459] 21101
[460] 43
[461] 0
[462] -8
[463] 1008
[464] 1010
[465] 44
[466] 63
[467] 1005
[468] 63
[469] 477
[470] 1001
[471] 64
[472] 1
[473] 64
[474] 1105
[475] 1
[476] 479
[477] 4
[478] 459
[479] 1002
[480] 64
[481] 2
[482] 64
[483] 109
[484] -7
[485] 1206
[486] 10
[487] 495
[488] 1001
[489] 64
[490] 1
[491] 64
[492] 1106
[493] 0
[494] 497
[495] 4
[496] 485
[497] 1002
[498] 64
[499] 2
[500] 64
[501] 109
[502] -5
[503] 2108
[504] 36
[505] 0
[506] 63
[507] 1005
[508] 63
[509] 513
[510] 1106
[511] 0
[512] 519
[513] 4
[514] 503
[515] 1001
[516] 64
[517] 1
[518] 64
[519] 1002
[520] 64
[521] 2
[522] 64
[523] 109
[524] 3
[525] 2102
[526] 1
[527] -5
[528] 63
[529] 1008
[530] 63
[531] 22
[532] 63
[533] 1005
[534] 63
[535] 541
[536] 4
[537] 525
[538] 1105
[539] 1
[540] 545
[541] 1001
[542] 64
[543] 1
[544] 64
[545] 1002
[546] 64
[547] 2
[548] 64
[549] 109
[550] 3
[551] 1207
[552] -6
[553] 38
[554] 63
[555] 1005
[556] 63
[557] 567
[558] 4
[559] 551
[560] 1001
[561] 64
[562] 1
[563] 64
[564] 1105
[565] 1
[566] 567
[567] 1002
[568] 64
[569] 2
[570] 64
[571] 109
[572] -15
[573] 2107
[574] 20
[575] 8
[576] 63
[577] 1005
[578] 63
[579] 585
[580] 4
[581] 573
[582] 1106
[583] 0
[584] 589
[585] 1001
[586] 64
[587] 1
[588] 64
[589] 1002
[590] 64
[591] 2
[592] 64
[593] 109
[594] -1
[595] 1208
[596] 5
[597] 36
[598] 63
[599] 1005
[600] 63
[601] 609
[602] 1001
[603] 64
[604] 1
[605] 64
[606] 1106
[607] 0
[608] 611
[609] 4
[610] 595
[611] 1002
[612] 64
[613] 2
[614] 64
[615] 109
[616] 30
[617] 21101
[618] 44
[619] 0
[620] -7
[621] 1008
[622] 1019
[623] 44
[624] 63
[625] 1005
[626] 63
[627] 633
[628] 4
[629] 617
[630] 1106
[631] 0
[632] 637
[633] 1001
[634] 64
[635] 1
[636] 64
[637] 1002
[638] 64
[639] 2
[640] 64
[641] 109
[642] -25
[643] 1201
[644] 0
[645] 0
[646] 63
[647] 1008
[648] 63
[649] 39
[650] 63
[651] 1005
[652] 63
[653] 659
[654] 4
[655] 643
[656] 1105
[657] 1
[658] 663
[659] 1001
[660] 64
[661] 1
[662] 64
[663] 1002
[664] 64
[665] 2
[666] 64
[667] 109
[668] 27
[669] 1206
[670] -8
[671] 677
[672] 4
[673] 669
[674] 1106
[675] 0
[676] 681
[677] 1001
[678] 64
[679] 1
[680] 64
[681] 1002
[682] 64
[683] 2
[684] 64
[685] 109
[686] -28
[687] 2108
[688] 29
[689] 0
[690] 63
[691] 1005
[692] 63
[693] 703
[694] 4
[695] 687
[696] 1001
[697] 64
[698] 1
[699] 64
[700] 1106
[701] 0
[702] 703
[703] 1002
[704] 64
[705] 2
[706] 64
[707] 109
[708] 5
[709] 21107
[710] 45
[711] 46
[712] 7
[713] 1005
[714] 1012
[715] 725
[716] 4
[717] 709
[718] 1001
[719] 64
[720] 1
[721] 64
[722] 1106
[723] 0
[724] 725
[725] 1002
[726] 64
[727] 2
[728] 64
[729] 109
[730] 30
[731] 2106
[732] 0
[733] -8
[734] 1105
[735] 1
[736] 743
[737] 4
[738] 731
[739] 1001
[740] 64
[741] 1
[742] 64
[743] 1002
[744] 64
[745] 2
[746] 64
[747] 109
[748] -22
[749] 21102
[750] 46
[751] 1
[752] 4
[753] 1008
[754] 1017
[755] 44
[756] 63
[757] 1005
[758] 63
[759] 767
[760] 1001
[761] 64
[762] 1
[763] 64
[764] 1105
[765] 1
[766] 769
[767] 4
[768] 749
[769] 1002
[770] 64
[771] 2
[772] 64
[773] 109
[774] -15
[775] 1202
[776] 10
[777] 1
[778] 63
[779] 1008
[780] 63
[781] 23
[782] 63
[783] 1005
[784] 63
[785] 793
[786] 1001
[787] 64
[788] 1
[789] 64
[790] 1106
[791] 0
[792] 795
[793] 4
[794] 775
[795] 1002
[796] 64
[797] 2
[798] 64
[799] 109
[800] 19
[801] 2105
[802] 1
[803] 7
[804] 4
[805] 801
[806] 1105
[807] 1
[808] 813
[809] 1001
[810] 64
[811] 1
[812] 64
[813] 1002
[814] 64
[815] 2
[816] 64
[817] 109
[818] 6
[819] 1205
[820] -2
[821] 827
[822] 4
[823] 819
[824] 1106
[825] 0
[826] 831
[827] 1001
[828] 64
[829] 1
[830] 64
[831] 1002
[832] 64
[833] 2
[834] 64
[835] 109
[836] -20
[837] 2107
[838] 22
[839] 2
[840] 63
[841] 1005
[842] 63
[843] 851
[844] 1001
[845] 64
[846] 1
[847] 64
[848] 1106
[849] 0
[850] 853
[851] 4
[852] 837
[853] 1002
[854] 64
[855] 2
[856] 64
[857] 109
[858] 20
[859] 21108
[860] 47
[861] 44
[862] -8
[863] 1005
[864] 1015
[865] 869
[866] 1105
[867] 1
[868] 875
[869] 4
[870] 859
[871] 1001
[872] 64
[873] 1
[874] 64
[875] 1002
[876] 64
[877] 2
[878] 64
[879] 109
[880] -22
[881] 2102
[882] 1
[883] 4
[884] 63
[885] 1008
[886] 63
[887] 23
[888] 63
[889] 1005
[890] 63
[891] 899
[892] 1001
[893] 64
[894] 1
[895] 64
[896] 1106
[897] 0
[898] 901
[899] 4
[900] 881
[901] 4
[902] 64
[903] 99
[904] 21101
[905] 0
[906] 27
[907] 1
[908] 21102
[909] 915
[910] 1
[911] 0
[912] 1106
[913] 0
[914] 922
[915] 21201
[916] 1
[917] 28703
[918] 1
[919] 204
[920] 1
[921] 99
[922] 109
[923] 3
[924] 1207
[925] -2
[926] 3
[927] 63
[928] 1005
[929] 63
[930] 964
[931] 21201
[932] -2
[933] -1
[934] 1
[935] 21101
[936] 0
[937] 942
[938] 0
[939] 1106
[940] 0
[941] 922
[942] 22101
[943] 0
[944] 1
[945] -1
[946] 21201
[947] -2
[948] -3
[949] 1
[950] 21101
[951] 957
[952] 0
[953] 0
[954] 1105
[955] 1
[956] 922
[957] 22201
[958] 1
[959] -1
[960] -2
[961] 1105
[962] 1
[963] 968
[964] 21201
[965] -2
[966] 0
[967] -2
[968] 109
[969] -3
[970] 2105
[971] 1
[972] 0