1010    2  
  1010    4  
   250    6  
   407    8  
   188   10  
   308   12  
   143   14  
   229   16  
   100   18  
   183   20  
    80   22  
   143   24  
    63   26  
   125   28  
    53   30  
   104   32  
    35   34  
    91   36  
    36   38  
    74   40  
    25   42  
    67   44  
    37   46  
    61   48  
    22   50  
    52   52  
    22   54  
    52   56  
    18   58  
    37   60  
    12   62  
    46   64  
    18   66  
    39   68  
    10   70  
    33   72  
    17   74  
    37   76  
    16   78  
    36   80  
    16   82  
    30   84  
    12   86  
    29   88  
     6   90  
    22   92  
    13   94  
    28   96  
    10   98  
    24  100  
    10  102  
    28  104  
    12  106  
    18  108  
     9  110  
    20  112  
    12  114  
    24  116  
    12  118  
    25  120  
    10  122  
    25  124  
     9  126  
    19  128  
     3  130  
    15  132  
     8  134  
    24  136  
    11  138  
    16  140  
     8  142  
    19  144  
     8  146  
    14  148  
     4  150  
    14  152  
     4  154  
    22  156  
    12  158  
    19  160  
     7  162  
    17  164  
     8  166  
    19  168  
     6  170  
    15  172  
     8  174  
    18  176  
     7  178  
    17  180  
     5  182  
    17  184  
     7  186  
    11  188  
     4  190  
    12  192  
     4  194  
    10  196  
     6  198  
    12  200  
     5  202  
    10  204  
     4  206  
    12  208  
     7  210  
    15  212  
     7  214  
    12  216  
     2  218  
    10  220  
     5  222  
    11  224  
     6  226  
    14  228  
     6  230  
     8  232  
     1  234  
     9  236  
     4  238  
     7  240  
     3  242  
    13  244  
     9  246  
    11  248  
     3  250  
     7  252  
     3  254  
    11  256  
     7  258  
    11  260  
     5  262  
    10  264  
     4  266  
    13  268  
     7  270  
    12  272  
     3  274  
     9  276  
     4  278  
    12  280  
     3  282  
     9  284  
     3  286  
     8  288  
     5  290  
    11  292  
     6  294  
    10  296  
     5  298  
     8  300  
     5  302  
     7  304  
     3  306  
     4  308  
     3  310  
     7  312  
     3  314  
     6  316  
     1  318  
     2  320  
     1  322  
     3  324  
     1  326  
     5  328  
     4  330  
     5  332  
     2  334  
     4  336  
     2  340  
     2  344  
     2  346  
     2  348  
     1  352  
     1  356  
     1  358  
     1  360  
     1  364  
     1  372  
     1  374  
     1  376  
     1  380  
     1  382  
     2  384  
     1  386  
     2  388  
     2  392  
     2  394  
     2  396  
     3  400  
     2  402  
     5  404  
     1  406  
     3  408  
     2  410  
     3  412  
     1  428  
     1  436  
     1  452  
     1  454  
     1  456  
     1  458  
     2  460  
     1  462  
     1  464  
     2  480  
     2  484  
     1  486  
     4  488  
     2  490  
     2  492  
     1  494  
     3  496  
     1  500  
     2  508  
     1  510  
     2  512  
     1  514  
     2  516  
     1  518  
     1  520  
     1  522  
     2  524  
     1  526  
     1  528  
     1  536  
     1  538  
     1  540  
     1  552  
     1  554  
     1  556  
     1  568  
     1  570  
     1  572  
     1  574  
     2  576  
     1  584  
     1  604  
     2  636  
     1  638  
     1  640  
     1  652  
     1  654  
     1  656  
     1  668  
     1  704  
     3  708  
     1  712  
     2  728  
     2  730  
     2  732  
     1  736  
     1  738  
     1  740  
     2  764  
     1  766  
     2  768  
     1  770  
     1  772  
     1  774  
     1  776  
     1  784  
     1  786  
     1  788  
     1  790  
     1  792  
     1  808  
     1  810  
     1  812  
     1  820  
     1  824  
     1  828  
     1  830  
     1  832  
     1  956  
     1  958  
     1  960  
     1  964  
     1  980  
     1  982  
     1  984  
     1 1044  
     1 1046  
     1 1048  
     1 1064  
     1 1072  
     1 1074  
     1 1076  
     1 1096  
     1 1100  
     1 1108  
     1 1110  
     2 1112  
     1 1116  
     1 1118  
     2 1120  
     1 1122  
     1 1124  
     1 1180  
     1 1184  
     1 1188  
     1 1190  
     1 1192  
     1 1268  
     1 1272  
     1 1276  
     1 1278  
     1 1280  
     1 1404  
     1 1406  
     1 1408  
     1 1416  
     1 1436  
     1 1438  
     2 1440  
     1 1444  
     1 1448  
     1 1450  
     1 1452  
     1 1620  
     1 1640  
     1 1642  
     1 1644  
     2 1652  
     1 1654  
     2 1656  
     1 1658  
     1 1660  
     1 1676  
     1 1732  
     1 1734  
     1 1736  
     1 1768  
     1 1772  
     1 1776  
     1 1778  
     1 1780  
     1 1782  
     1 1784  
     1 1788  
     1 1880  
     1 1882  
     1 1884  
     1 2116  
     1 2118  
     1 2120  
     1 2148  
     1 2152  
     1 2156  
     1 2158  
     1 2160  
     1 2168  
     1 2170  
     1 2172  
     1 2308  
     1 3988  
     1 3990  
     1 3992  
     1 3994  
     1 3996  
     1 4004  
     1 4012  
     1 4484  
     1 4848  
     1 4880  
     1 4882  
     1 4884  
     1 7472  
     1 7474  
     1 7476  
     1 7480  
     1 7524  
     1 7526  
     1 7528  
     1 7530  
     1 7532  
     1 7536  
     1 7540  
     1 7542  
     1 7544  
     1 7652  
     1 7654  
     1 7656  
     1 7672  
     1 7674  
     1 7676  
     1 7680  
     1 7692  
     1 7694  
     1 7696  
     1 7704  
     1 7848  
     1 7908  
     1 8208  
     1 8210  
     1 8212  
     1 8216  
     1 9100  
     1 9102  
     1 9104  
     1 9116  
     1 9118  
     1 9120  
     1 9244  
     1 9256  
     1 9258  
     1 9260  
     1 9268  
     1 9284  
     1 9288  
     1 9292  
     1 9300  
            ╯